70
90
80
40
60
70
50
40
90
70
80
90
80
70
60
40
30
80
40
70
80
70
90
80
30
90
20
90
80
90
30
40
90
30
80
90
10
50
80
30
90
90
50
60
80
60
80
60
90
90
80
70
90
40
30
30
70
80
30
60
60
70
70
90
60
40
60
50
70
70
90
80
80
50
50
70
50
50
40
60
20
70
80
80
70
80
60
80
90
70
70
90
60
70
40
80
90
70
30
70
80
50
80
60
80
60
80
90
80
60
90
20
90
90
60
80
70
60
90
80
10
50
60
80
60
60
60
90
30
30
60
80
60
60
60
30
80
40
90
70
80
70
80
80
80
70
90
70
50
40
80
90
50
80
80
80
50
80
90
70
70
90
70
50
80
40
90
30
90
70
80
50
90
90
80
60
50
90
90
90
50
60
60
40
70
60
50
90
70
70
50
80
50
90
80
70
50
60
70
30
60
90
40
70
50
80
50
80
70
80
80
80
90
50
60
30
80
90
50
80
30
70
90
30
50
90
20
40
50
40
80
40
50
90
90
90
90
80
80
40
80
70
40
60
80
60
90
70
70
90
40
30
70
40
70
30
30
60
40
50
60
40
60
30
80
90
40
80
50
70
60
70
50
30
40
80
90
40
50
30
60
70
50
60
70
70
80
90
10
80
70
30
70
70
