49
28
39
42
24
77
22
11
68
56
17
10
11
34
69
18
32
17
29
75
34
63
72
68
10
29
10
73
18
71
11
15
31
27
72
15
11
39
72
26
35
44
45
27
16
49
62
40
36
28
34
29
39
15
21
23
52
49
26
17
48
62
57
34
20
25
15
51
61
55
32
73
77
23
34
59
39
13
15
56
19
78
28
68
62
80
48
55
34
60
36
75
27
31
25
16
38
12
32
46
29
30
25
12
75
24
62
60
62
64
57
21
21
30
17
54
63
23
71
44
11
43
34
36
28
71
20
29
20
26
16
47
44
13
54
21
46
10
42
61
22
71
71
69
31
59
13
46
14
16
54
55
44
43
56
16
28
11
27
60
12
42
25
31
54
35
47
29
14
12
29
52
50
19
46
65
44
66
51
40
38
70
13
23
36
13
55
29
17
59
47
48
56
11
49
17
20
42
67
19
60
77
26
27
54
25
29
32
67
47
57
53
48
43
60
27
11
68
51
17
25
31
77
31
45
64
15
19
22
18
78
21
12
55
14
24
77
25
77
27
43
76
36
38
25
59
42
66
26
29
13
22
46
35
35
26
13
36
45
24
31
14
68
13
23
77
25
27
54
50
55
22
37
19
18
69
60
28
13
34
69
24
53
49
53
60
61
58
10
26
33
35
44
79
